A = [1 0 2; 1 10**-20 3; 2 1 1]
b = [15 17 21]

A/b